农业银行;2016-01-14;3.09;3.12;3.06;3.12;3.12;273862600;0.09;5.62;0.93
农业银行;2016-01-15;3.11;3.11;3.06;3.07;3.07;214673800;0.07;5.53;0.91
农业银行;2016-01-18;3.05;3.11;3.03;3.07;3.07;213964400;0.07;5.53;0.91
农业银行;2016-01-19;3.08;3.12;3.06;3.11;3.11;143495700;0.05;5.6;0.92
农业银行;2016-01-20;3.1;3.12;3.08;3.11;3.11;188436800;0.06;5.6;0.92
农业银行;2016-01-21;3.08;3.13;3.08;3.09;3.09;172707100;0.06;5.57;0.92
农业银行;2016-01-22;3.1;3.11;3.07;3.11;3.11;151552000;0.05;5.6;0.92
农业银行;2016-01-25;3.09;3.1;3.07;3.1;3.1;161366500;0.05;5.59;0.92
农业银行;2016-01-26;3.08;3.09;2.93;2.95;2.95;220748600;0.08;5.32;0.88
农业银行;2016-01-27;2.95;2.97;2.89;2.95;2.95;239965000;0.08;5.32;0.88
农业银行;2016-01-28;2.95;2.96;2.91;2.91;2.91;159022500;0.05;5.24;0.86
农业银行;2016-01-29;2.91;3.0;2.91;2.99;2.99;198777000;0.07;5.39;0.89
农业银行;2016-02-01;2.99;2.99;2.92;2.94;2.94;100792900;0.03;5.3;0.87
农业银行;2016-02-02;2.94;2.97;2.93;2.96;2.96;118978500;0.04;5.33;0.88
农业银行;2016-02-03;2.94;2.95;2.9;2.92;2.92;104308900;0.04;5.26;0.87
农业银行;2016-02-04;2.93;2.95;2.92;2.93;2.93;86465100;0.03;5.28;0.87
农业银行;2016-02-05;2.93;2.94;2.91;2.92;2.92;65693000;0.02;5.26;0.87
农业银行;2016-02-08;2.93;2.94;2.91;2.92;2.92;65693000;0.02;5.26;0.87
农业银行;2016-02-09;2.93;2.94;2.91;2.92;2.92;65693000;0.02;5.26;0.87
农业银行;2016-02-10;2.93;2.94;2.91;2.92;2.92;65693000;0.02;5.26;0.87
农业银行;2016-02-11;2.93;2.94;2.91;2.92;2.92;65693000;0.02;5.26;0.87
农业银行;2016-02-12;2.93;2.94;2.91;2.92;2.92;65693000;0.02;5.26;0.87
农业银行;2016-02-15;2.87;2.91;2.85;2.89;2.89;91231100;0.03;5.21;0.86
农业银行;2016-02-16;2.9;2.95;2.89;2.94;2.94;128065200;0.04;5.3;0.87
农业银行;2016-02-17;2.94;2.98;2.93;2.97;2.97;138060700;0.05;5.35;0.88
农业银行;2016-02-18;2.98;2.98;2.95;2.97;2.97;146301300;0.05;5.35;0.88
农业银行;2016-02-19;2.96;2.98;2.94;2.95;2.95;122387700;0.04;5.32;0.88
农业银行;2016-02-22;2.98;3.03;2.96;3.0;3.0;167722900;0.06;5.41;0.89
农业银行;2016-02-23;3.0;3.0;2.96;2.98;2.98;126381100;0.04;5.37;0.88
农业银行;2016-02-24;2.96;2.99;2.96;2.98;2.98;95247800;0.03;5.37;0.88
农业银行;2016-02-25;2.98;2.98;2.9;2.92;2.92;231515100;0.08;5.26;0.87
农业银行;2016-02-26;2.93;2.97;2.92;2.96;2.96;140532400;0.05;5.33;0.88
农业银行;2016-02-29;2.95;2.99;2.91;2.99;2.99;260584600;0.09;5.39;0.89
农业银行;2016-03-01;2.98;3.01;2.96;2.99;2.99;142663200;0.05;5.39;0.89
农业银行;2016-03-02;3.0;3.05;2.99;3.05;3.05;220580100;0.08;5.5;0.91
农业银行;2016-03-03;3.04;3.08;3.03;3.08;3.08;186818800;0.06;5.55;0.91
农业银行;2016-03-04;3.07;3.21;3.05;3.2;3.2;527131100;0.18;5.77;0.95
农业银行;2016-03-07;3.18;3.19;3.15;3.18;3.18;170029500;0.06;5.73;0.94
农业银行;2016-03-08;3.17;3.19;3.09;3.18;3.18;224940700;0.08;5.73;0.94
农业银行;2016-03-09;3.15;3.22;3.12;3.21;3.21;231588300;0.08;5.78;0.95
农业银行;2016-03-10;3.18;3.19;3.14;3.15;3.15;117998500;0.04;5.68;0.93
农业银行;2016-03-11;3.14;3.2;3.13;3.19;3.19;138208500;0.05;5.75;0.95
农业银行;2016-03-14;3.18;3.2;3.16;3.19;3.19;147144600;0.05;5.75;0.95
农业银行;2016-03-15;3.19;3.2;3.14;3.19;3.19;178768100;0.06;5.75;0.95
农业银行;2016-03-16;3.17;3.25;3.17;3.25;3.25;452161500;0.15;5.86;0.96
农业银行;2016-03-17;3.24;3.25;3.2;3.21;3.21;178954300;0.06;5.78;0.95
农业银行;2016-03-18;3.22;3.22;3.19;3.22;3.22;229670400;0.08;5.8;0.96
农业银行;2016-03-21;3.21;3.23;3.2;3.21;3.21;244457300;0.08;5.78;0.95
农业银行;2016-03-22;3.21;3.22;3.18;3.18;3.18;120630300;0.04;5.73;0.94
农业银行;2016-03-23;3.18;3.2;3.17;3.18;3.18;92469600;0.03;5.73;0.94
农业银行;2016-03-24;3.18;3.18;3.15;3.16;3.16;80972300;0.03;5.69;0.94
农业银行;2016-03-25;3.16;3.18;3.15;3.16;3.16;56264400;0.02;5.69;0.94
农业银行;2016-03-28;3.16;3.18;3.15;3.15;3.15;85593400;0.03;5.68;0.93
农业银行;2016-03-29;3.16;3.17;3.14;3.15;3.15;107390400;0.04;5.68;0.93
农业银行;2016-03-30;3.16;3.21;3.15;3.2;3.2;125128800;0.04;5.77;0.95
农业银行;2016-03-31;3.2;3.21;3.18;3.2;3.2;82084400;0.03;5.77;0.95
农业银行;2016-04-01;3.19;3.21;3.16;3.2;3.2;115540500;0.04;5.76;0.92
农业银行;2016-04-04;3.19;3.21;3.16;3.2;3.2;115540500;0.04;5.76;0.92
农业银行;2016-04-05;3.18;3.22;3.17;3.21;3.21;154261900;0.05;5.77;0.92
农业银行;2016-04-06;3.19;3.2;3.18;3.18;3.18;80577600;0.03;5.72;0.91
农业银行;2016-04-07;3.19;3.19;3.15;3.16;3.16;85265400;0.03;5.68;0.91
农业银行;2016-04-08;3.15;3.17;3.14;3.16;3.16;77771400;0.03;5.68;0.91
农业银行;2016-04-11;3.15;3.19;3.15;3.17;3.17;98695000;0.03;5.7;0.91
农业银行;2016-04-12;3.17;3.18;3.15;3.16;3.16;61799200;0.02;5.68;0.91
农业银行;2016-04-13;3.16;3.21;3.16;3.19;3.19;190848300;0.06;5.74;0.92
农业银行;2016-04-14;3.2;3.21;3.18;3.19;3.19;74704100;0.03;5.74;0.92
