Å··Æ¹â;2016-01-18;22.1;24.39;21.98;23.8;23.8;39925900;4.87;48.81;4.04
Å··Æ¹â;2016-01-19;23.7;25.42;23.5;25.21;25.21;42302200;5.16;51.7;4.28
Å··Æ¹â;2016-01-20;24.98;25.72;24.44;24.82;24.82;34013200;4.15;50.9;4.21
Å··Æ¹â;2016-01-21;24.37;25.32;23.11;23.11;23.11;30421000;3.71;47.4;3.92
Å··Æ¹â;2016-01-22;23.71;24.36;23.1;24.35;24.35;31517400;3.84;49.94;4.13
Å··Æ¹â;2016-01-25;24.9;25.18;24.21;24.6;24.6;27932200;3.41;50.45;4.17
Å··Æ¹â;2016-01-26;24.1;24.38;22.14;22.14;22.14;29877600;3.64;45.41;3.76
Å··Æ¹â;2016-01-27;22.41;22.5;20.28;22.35;22.35;40069300;4.89;45.84;3.79
Å··Æ¹â;2016-01-28;21.73;22.08;20.33;20.6;20.6;24231100;2.96;42.25;3.5
Å··Æ¹â;2016-01-29;20.7;22.32;20.44;21.96;21.96;26089800;3.18;45.04;3.73
Å··Æ¹â;2016-02-01;21.78;22.62;21.47;22.06;22.06;23833200;2.91;45.24;3.74
Å··Æ¹â;2016-02-02;22.22;23.5;22.08;23.1;23.1;25219000;3.08;47.38;3.92
Å··Æ¹â;2016-02-03;22.65;23.18;22.05;22.87;22.87;24326100;2.97;46.9;3.88
Å··Æ¹â;2016-02-04;23.03;23.77;23.02;23.14;23.14;25402800;3.1;47.46;3.93
Å··Æ¹â;2016-02-05;23.36;23.7;23.0;23.37;23.37;21296800;2.6;47.93;3.97
Å··Æ¹â;2016-02-08;23.36;23.7;23.0;23.37;23.37;21296800;2.6;47.93;3.97
Å··Æ¹â;2016-02-09;23.36;23.7;23.0;23.37;23.37;21296800;2.6;47.93;3.97
Å··Æ¹â;2016-02-10;23.36;23.7;23.0;23.37;23.37;21296800;2.6;47.93;3.97
Å··Æ¹â;2016-02-11;23.36;23.7;23.0;23.37;23.37;21296800;2.6;47.93;3.97
Å··Æ¹â;2016-02-12;23.36;23.7;23.0;23.37;23.37;21296800;2.6;47.93;3.97
Å··Æ¹â;2016-02-15;22.3;23.96;22.3;23.57;23.57;23426900;2.86;48.34;4.0
Å··Æ¹â;2016-02-16;23.78;25.15;23.61;24.8;24.8;32036800;3.91;50.86;4.21
Å··Æ¹â;2016-02-17;24.69;25.68;24.38;25.45;25.45;34716900;4.23;52.2;4.32
Å··Æ¹â;2016-02-18;25.55;25.6;24.66;24.84;24.84;30501800;3.72;50.94;4.21
Å··Æ¹â;2016-02-19;24.9;25.5;24.8;25.01;25.01;23406600;2.85;51.29;4.24
Å··Æ¹â;2016-02-22;25.37;26.37;24.83;26.22;26.22;40477900;4.94;53.78;4.45
Å··Æ¹â;2016-02-23;25.99;25.99;24.6;25.09;25.09;41712300;5.09;51.46;4.26
Å··Æ¹â;2016-02-24;25.04;25.3;23.79;24.61;24.61;35928900;4.38;50.47;4.18
Å··Æ¹â;2016-02-25;24.48;24.84;22.15;22.15;22.15;43602700;5.32;45.43;3.76
Å··Æ¹â;2016-02-26;22.38;22.6;21.2;21.85;21.85;29376600;3.58;44.81;3.71
Å··Æ¹â;2016-02-29;21.4;21.65;19.67;19.8;19.8;38337400;4.68;40.61;3.36
Å··Æ¹â;2016-03-01;19.79;20.97;19.6;20.62;20.62;29607900;3.61;42.29;3.5
Å··Æ¹â;2016-03-02;20.99;22.07;20.85;21.98;21.98;32848200;4.01;45.08;3.73
Å··Æ¹â;2016-03-03;22.33;22.94;21.8;21.82;21.82;30486600;3.72;44.75;3.7
Å··Æ¹â;2016-03-04;21.58;21.99;20.89;21.16;21.16;27772000;3.39;43.4;3.59
Å··Æ¹â;2016-03-07;21.66;22.26;21.53;21.72;21.72;15372900;1.87;44.55;3.69
Å··Æ¹â;2016-03-08;21.49;21.7;20.3;21.5;21.5;18699000;2.28;44.09;3.65
Å··Æ¹â;2016-03-09;20.9;22.24;20.62;21.5;21.5;19067400;2.33;44.09;3.65
Å··Æ¹â;2016-03-10;21.48;21.88;21.21;21.25;21.25;13979100;1.7;43.58;3.61
Å··Æ¹â;2016-03-11;20.91;21.99;20.87;21.95;21.95;16551700;2.02;45.02;3.72
Å··Æ¹â;2016-03-14;22.32;23.17;22.1;22.72;22.72;28232600;3.44;46.6;3.85
Å··Æ¹â;2016-03-15;22.61;22.9;22.17;22.25;22.25;15038300;1.83;45.63;3.78
Å··Æ¹â;2016-03-16;22.46;22.7;21.58;21.89;21.89;13413800;1.64;44.89;3.71
Å··Æ¹â;2016-03-17;22.11;24.0;22.03;23.32;23.32;30902800;3.77;47.83;3.96
Å··Æ¹â;2016-03-18;23.5;24.56;23.5;23.85;23.85;38574500;4.7;48.91;4.05
Å··Æ¹â;2016-03-21;24.5;24.87;24.02;24.42;24.42;34509500;4.21;50.08;4.14
Å··Æ¹â;2016-03-22;24.3;25.62;24.16;24.99;24.99;43948500;5.36;51.25;4.24
Å··Æ¹â;2016-03-23;24.74;25.29;24.4;25.19;25.19;26330100;3.21;51.66;4.27
Å··Æ¹â;2016-03-24;25.0;26.18;24.55;24.87;24.87;37948200;4.63;51.01;4.22
Å··Æ¹â;2016-03-25;24.59;25.08;24.31;24.58;24.58;23135800;2.82;50.41;4.17
Å··Æ¹â;2016-03-28;24.85;25.25;23.94;24.12;24.12;24171300;2.95;49.47;4.09
Å··Æ¹â;2016-03-29;24.25;24.25;23.23;23.76;23.76;21376400;2.61;48.73;4.03
Å··Æ¹â;2016-03-30;24.2;26.14;24.17;26.14;26.14;73669200;8.98;53.61;4.44
Å··Æ¹â;2016-03-31;26.14;26.75;25.9;26.54;26.54;58459300;7.13;54.43;4.5
Å··Æ¹â;2016-04-01;26.02;26.7;25.72;26.63;26.63;39841700;4.86;54.62;4.52
Å··Æ¹â;2016-04-04;26.02;26.7;25.72;26.63;26.63;39841700;4.86;54.62;4.52
Å··Æ¹â;2016-04-05;26.9;28.5;26.35;27.7;27.7;48556700;5.92;56.81;4.7
Å··Æ¹â;2016-04-06;27.41;28.6;27.4;28.21;28.21;38254400;4.67;57.86;4.79
Å··Æ¹â;2016-04-07;28.15;28.45;27.01;27.06;27.06;31357600;3.82;55.5;4.59
Å··Æ¹â;2016-04-08;26.7;27.39;26.31;27.11;27.11;26799500;3.27;55.6;4.6
Å··Æ¹â;2016-04-11;27.8;28.17;27.41;27.44;27.44;25097300;3.06;56.28;4.66
Å··Æ¹â;2016-04-12;27.4;27.44;26.41;26.66;26.66;19868300;2.42;54.68;4.52
Å··Æ¹â;2016-04-13;27.0;27.88;26.94;27.14;27.14;27925600;3.41;55.66;4.6
Å··Æ¹â;2016-04-14;27.4;28.5;27.26;28.2;28.2;28630000;3.49;57.84;4.78
