2006-03-20;1037.949;1051.757;1036.235;1042.601;7828435900
2006-03-27;1050.068;1074.038;1036.235;1061.088;17537338700
2006-04-03;1080.857;1109.683;1036.235;1103.154;30819696700
2006-04-10;1120.163;1126.089;1036.235;1118.607;44149044000
2006-04-17;1127.506;1152.888;1036.235;1149.158;58678912200
2006-04-24;1139.495;1173.88;1036.235;1172.347;74000685700
2006-05-08;1226.315;1296.379;1036.235;1296.257;96772181700
2006-05-15;1368.134;1387.397;1036.235;1366.097;122838350600
2006-05-22;1365.1;1387.397;1036.235;1331.02;140686462700
2006-05-29;1375.298;1411.78;1036.235;1390.116;161656415200
2006-06-05;1400.267;1413.108;1036.235;1294.185;179851720900
2006-06-12;1296.408;1413.108;1036.235;1318.01;190679123500
2006-06-19;1333.619;1413.108;1036.235;1339.446;201863857300
2006-06-26;1365.043;1413.108;1036.235;1393.963;215172091000
2006-07-03;1423.078;1426.397;1036.235;1410.429;229395362800
2006-07-10;1414.136;1430.944;1036.235;1357.129;244041420200
2006-07-17;1370.896;1430.944;1036.235;1356.033;252721066200
2006-07-24;1359.323;1430.944;1036.235;1341.393;261424387300
2006-07-31;1292.709;1430.944;1036.235;1241.908;267849514500
2006-08-07;1225.04;1430.944;1036.235;1275.654;273860733300
2006-08-14;1243.16;1430.944;1036.235;1267.866;280315186400
2006-08-21;1270.103;1430.944;1036.235;1295.437;287308492400
2006-08-28;1328.611;1430.944;1036.235;1318.099;297421321100
2006-09-04;1339.59;1430.944;1036.235;1332.153;306335115500
2006-09-11;1338.815;1430.944;1036.235;1362.322;318174866900
2006-09-18;1377.716;1430.944;1036.235;1374.852;328620201300
2006-09-25;1370.856;1430.944;1036.235;1403.265;337234014800
2006-10-09;1437.689;1443.497;1036.235;1430.882;350861001400
2006-10-16;1416.949;1447.951;1036.235;1440.182;360750513500
2006-10-23;1408.578;1460.455;1036.235;1439.05;374174566800
2006-10-30;1447.055;1497.466;1036.235;1488.291;389937003900
2006-11-06;1512.649;1535.196;1036.235;1504.062;405908377200
2006-11-13;1475.445;1562.236;1036.235;1562.084;423818801200
2006-11-20;1591.47;1642.808;1036.235;1636.58;444492812400
2006-11-27;1649.681;1741.804;1036.235;1729.224;465389912000
2006-12-04;1785.443;1820.719;1036.235;1711.584;494912364400
2006-12-11;1798.464;1867.777;1036.235;1867.636;515158231300
2006-12-18;1924.799;1945.473;1036.235;1895.644;538217541500
2006-12-25;1941.795;2052.861;1036.235;2041.047;563219322600
2007-01-01;2073.25;2139.494;1036.235;2072.883;583165638000
2007-01-08;2137.485;2289.95;1036.235;2173.747;616094125600
2007-01-15;2310.963;2396.093;1036.235;2396.093;648830367800
2007-01-22;2508.265;2556.099;1036.235;2512.922;683478415000
2007-01-29;2586.523;2599.452;1036.235;2298.003;711836006400
2007-02-05;2271.372;2599.452;1036.235;2397.245;737364917400
2007-02-12;2498.345;2717.57;1036.235;2676.735;763549542900
2007-02-26;2717.812;2719.519;1036.235;2508.729;796616126700
2007-03-05;2467.741;2719.519;1036.235;2611.393;820431325400
2007-03-12;2620.715;2719.519;1036.235;2604.226;847816458900
2007-03-19;2669.635;2740.28;1036.235;2716.266;876124726500
2007-03-26;2770.348;2830.082;1036.235;2781.784;912370030700
2007-04-02;2861.898;2977.459;1036.235;2972.008;942946277900
2007-04-09;3053.355;3211.607;1036.235;3169.233;982520935800
2007-04-16;3273.43;3311.981;1036.235;3289.282;1024168304800
2007-04-23;3462.48;3503.885;1036.235;3470.523;1061660304900
2007-05-07;3643.813;3742.231;1036.235;3702.612;1106842182200
2007-05-14;3739.049;3805.208;1036.235;3776.629;1142090503400
2007-05-21;3849.043;3996.853;1036.235;3985.252;1183827726800
2007-05-28;4090.903;4168.529;1036.235;3803.954;1233029982200
2007-06-04;3406.999;4168.529;1036.235;3837.867;1272328469300
2007-06-11;3953.959;4168.529;1036.235;4099.381;1308751619200
2007-06-18;4227.592;4292.198;1036.235;4051.426;1340921152300
2007-06-25;3804.413;4292.198;1036.235;3764.078;1365916600700
2007-07-02;3782.778;4292.198;1036.235;3710.283;1383840088800
2007-07-09;3832.756;4292.198;1036.235;3820.124;1398219902400
2007-07-16;3684.335;4292.198;1036.235;3971.884;1414625828500
2007-07-23;4187.327;4325.931;1036.235;4307.143;1441745813800
2007-07-30;4402.518;4599.248;1036.235;4598.379;1470927285600
2007-08-06;4715.389;4779.143;1036.235;4726.683;1502909665700
2007-08-13;4721.446;4836.587;1036.235;4626.583;1528096790900
2007-08-20;4915.524;5231.154;1036.235;5217.581;1557125918400
2007-08-27;5220.639;5307.417;1036.235;5296.813;1585333427600
2007-09-03;5421.254;5448.84;1036.235;5294.795;1614852146400
2007-09-10;5384.559;5448.84;1036.235;5397.278;1639894296200
2007-09-17;5524.099;5533.532;1036.235;5468.098;1664426332900
2007-09-24;5524.016;5590.849;1036.235;5580.813;1681103439100
2007-10-08;5638.633;5796.28;1036.235;5737.221;1707180450100
2007-10-15;5851.538;5891.723;1036.235;5614.06;1727242840500
2007-10-22;5467.832;5891.723;1036.235;5394.807;1744570411400
2007-10-29;5529.965;5891.723;1036.235;5472.93;1762512948300
2007-11-05;5331.31;5891.723;1036.235;5040.525;1775288740500
2007-11-12;5024.521;5891.723;1036.235;5007.662;1788005148100
2007-11-19;4964.564;5891.723;1036.235;4856.161;1798707133800
2007-11-26;4759.006;5891.723;1036.235;4737.408;1809669723200
2007-12-03;4786.641;5891.723;1036.235;5041.35;1820201980300
2007-12-10;5162.088;5891.723;1036.235;4977.652;1834998202600
2007-12-17;4827.26;5891.723;1036.235;5101.852;1847358537100
2007-12-24;5217.558;5891.723;1036.235;5338.275;1865173362400
2007-12-31;5349.763;5891.723;1036.235;5483.65;1881379463200
2008-01-07;5575.95;5891.723;1036.235;5699.147;1904588797700
2008-01-14;5743.431;5891.723;1036.235;5414.468;1925839899200
2008-01-21;5015.428;5891.723;1036.235;5077.429;1947869616400
2008-01-28;4742.901;5891.723;1036.235;4571.945;1960783550400
2008-02-04;4942.875;5891.723;1036.235;4921.829;1964063186000
2008-02-11;4858.814;5891.723;1036.235;4813.311;1970620790900
2008-02-18;4926.839;5891.723;1036.235;4702.241;1985326483900
2008-02-25;4637.6;5891.723;1036.235;4674.55;1996488265100
2008-03-03;4813.401;5891.723;1036.235;4621.685;2012252363400
2008-03-10;4393.282;5891.723;1036.235;4157.871;2023382506200
2008-03-17;3924.87;5891.723;1036.235;4037.83;2039507539700
2008-03-24;3780.459;5891.723;1036.235;3918.156;2052945546800
2008-03-31;3776.268;5891.723;1036.235;3650.698;2064051430700
2008-04-07;3852.011;5891.723;1036.235;3783.728;2077871238300
2008-04-14;3513.068;5891.723;1036.235;3272.499;2089331616900
2008-04-21;3207.881;5891.723;1036.235;3803.07;2115151607800
2008-04-28;3704.927;5891.723;1036.235;3959.119;2126596629500
2008-05-05;4021.073;5891.723;1036.235;3878.924;2147659487800
2008-05-12;3786.534;5891.723;1036.235;3936.121;2166803451800
2008-05-19;3911.096;5891.723;1036.235;3675.147;2182551645700
2008-05-26;3549.986;5891.723;1036.235;3611.33;2193932765100
2008-06-02;3624.572;5891.723;1036.235;3489.502;2204841395300
2008-06-09;3344.453;5891.723;1036.235;2979.117;2216754759500
2008-06-16;2950.399;5891.723;1036.235;2849.668;2232456641200
2008-06-23;2775.69;5891.723;1036.235;2816.021;2248226999700
2008-06-30;2799.195;5891.723;1036.235;2741.852;2262260326200
2008-07-07;2900.571;5891.723;1036.235;2953.498;2285214496300
2008-07-14;2987.061;5891.723;1036.235;2815.462;2301173157400
2008-07-21;2905.276;5891.723;1036.235;2939.202;2317847752900
2008-07-28;2921.248;5891.723;1036.235;2840.788;2330629706100
2008-08-04;2780.761;5891.723;1036.235;2591.462;2341843533800
2008-08-11;2431.383;5891.723;1036.235;2447.615;2351075849000
2008-08-18;2285.515;5891.723;1036.235;2404.928;2363909529200
2008-08-25;2370.528;5891.723;1036.235;2391.64;2373597794900
2008-09-01;2292.686;5891.723;1036.235;2183.432;2381880718100
2008-09-08;2135.223;5891.723;1036.235;2077.846;2389986312400
2008-09-15;2050.316;5891.723;1036.235;2073.113;2405063429400
2008-09-22;2141.6;5891.723;1036.235;2243.657;2430799594600
2008-10-06;2043.923;5891.723;1036.235;1906.96;2446066987500
2008-10-13;2054.408;5891.723;1036.235;1833.262;2461613928700
2008-10-20;1901.244;5891.723;1036.235;1781.598;2475675557800
2008-10-27;1614.616;5891.723;1036.235;1663.66;2491201669600
2008-11-03;1646.201;5891.723;1036.235;1677.827;2504284083800
2008-11-10;1795.301;5891.723;1036.235;1943.654;2532740492200
2008-11-17;1974.378;5891.723;1036.235;1920.735;2567303705000
2008-11-24;1870.055;5891.723;1036.235;1829.924;2590101625800
2008-12-01;1821.543;5891.723;1036.235;2013.175;2624093540600
2008-12-08;2104.124;5891.723;1036.235;1960.38;2655765979000
2008-12-15;1956.995;5891.723;1036.235;2052.114;2678601027400
2008-12-22;2019.231;5891.723;1036.235;1862.096;2696828029000
2008-12-29;1852.949;5891.723;1036.235;1817.722;2704149627400
2009-01-05;1880.672;5891.723;1036.235;1918.365;2727302624200
2009-01-12;1892.655;5891.723;1036.235;1990.214;2755760989000
2009-01-19;2006.525;5891.723;1036.235;2032.682;2779135263800
2009-02-02;2056.795;5891.723;1036.235;2237.28;2820164639800
2009-02-09;2288.071;5891.723;1036.235;2399.065;2872575370200
2009-02-16;2460.569;5891.723;1036.235;2344.32;2915967675800
2009-02-23;2376.697;5891.723;1036.235;2140.489;2958384863800
2009-03-02;2109.841;5891.723;1036.235;2286.576;2997871877400
2009-03-09;2175.306;5891.723;1036.235;2205.422;3021600110200
2009-03-16;2244.11;5891.723;1036.235;2379.838;3061756720600
2009-03-23;2477.567;5891.723;1036.235;2498.931;3107399539000
2009-03-30;2436.778;5891.723;1036.235;2570.503;3155456678200
2009-04-06;2570.625;5891.723;1036.235;2595.53;3191871624600
2009-04-13;2651.197;5891.723;1036.235;2650.691;3237513127000
2009-04-20;2670.277;5891.723;1036.235;2572.888;3276161184600
2009-04-27;2490.526;5891.723;1036.235;2622.926;3298857118200
2009-05-04;2733.107;5891.723;1036.235;2789.219;3342551770200
2009-05-11;2702.742;5891.723;1036.235;2796.116;3376889726200
2009-05-18;2836.337;5891.723;1036.235;2740.677;3410157449800
2009-05-25;2757.31;5891.723;1036.235;2759.712;3424186716200
2009-06-01;2878.528;5891.723;1036.235;2939.306;3470088290600
2009-06-08;2948.949;5891.723;1036.235;2906.286;3506184589800
2009-06-15;2936.508;5891.723;1036.235;3080.001;3540811764200
2009-06-22;3036.404;5891.723;1036.235;3128.421;3578235649000
2009-06-29;3191.641;5891.723;1036.235;3327.135;3618481129000
2009-07-06;3368.33;5891.723;1036.235;3398.31;3664753611400
2009-07-13;3375.873;5891.723;1036.235;3519.809;3712440257000
2009-07-20;3603.402;5891.723;1036.235;3667.556;3761460303400
2009-07-27;3745.549;5891.723;1036.235;3734.622;3819548576000
2009-08-03;3803.061;5891.723;1036.235;3555.095;3868864324000
2009-08-10;3558.645;5891.723;1036.235;3344.462;3902100624400
2009-08-17;3110.708;5891.723;1036.235;3203.624;3934608931600
2009-08-24;3210.851;5891.723;1036.235;3046.781;3968979899600
2009-08-31;2804.584;5891.723;1036.235;3077.142;4000131984400
2009-09-07;3084.199;5891.723;1036.235;3238.133;4032373230000
2009-09-14;3298.81;5891.723;1036.235;3199.689;4069089076400
2009-09-21;3196.009;5891.723;1036.235;3058.528;4094130218000
2009-09-28;2975.531;5891.723;1036.235;3004.805;4102941905600
2009-10-05;3078.753;5891.723;1036.235;3163.708;4108629009600
2009-10-12;3144.022;5891.723;1036.235;3241.709;4133418018400
2009-10-19;3355.358;5891.723;1036.235;3413.252;4165475742400
2009-10-26;3384.294;5891.723;1036.235;3280.372;4191351424000
2009-11-02;3402.528;5891.723;1036.235;3483.021;4225620870400
2009-11-09;3520.395;5891.723;1036.235;3518.722;4258430884000
2009-11-16;3644.962;5891.723;1036.235;3631.013;4296061733600
2009-11-23;3680.746;5891.723;1036.235;3382.51;4343996354400
2009-11-30;3507.559;5891.723;1036.235;3643.491;4386364369600
2009-12-07;3670.807;5891.723;1036.235;3575.02;4412722071200
2009-12-14;3594.51;5891.723;1036.235;3391.735;4438276833600
2009-12-21;3402.228;5891.723;1036.235;3424.783;4459606792400
2009-12-28;3481.903;5891.723;1036.235;3575.684;4480927494400
2010-01-04;3545.186;5891.723;1036.235;3480.13;4511469800100
2010-01-11;3477.842;5891.723;1036.235;3482.738;4547679553500
2010-01-18;3506.806;5891.723;1036.235;3366.197;4580370239100
2010-01-25;3328.113;5891.723;1036.235;3204.155;4601539934300
2010-02-01;3170.778;5891.723;1036.235;3153.087;4624840684300
2010-02-08;3147.761;5891.723;1036.235;3251.278;4638842919100
2010-02-22;3225.393;5891.723;1036.235;3281.666;4660085542700
2010-03-01;3327.103;5891.723;1036.235;3259.764;4683348847900
2010-03-08;3285.62;5891.723;1036.235;3233.126;4702155414300
2010-03-15;3183.775;5891.723;1036.235;3293.871;4719121305900
2010-03-22;3305.554;5891.723;1036.235;3275.002;4737472981100
2010-03-29;3361.353;5891.723;1036.235;3407.346;4762113720700
2010-04-05;3422.849;5891.723;1036.235;3379.17;4785380603500
2010-04-12;3350.726;5891.723;1036.235;3356.332;4810221191500
2010-04-19;3176.414;5891.723;1036.235;3190.003;4836561247500
2010-04-26;3163.101;5891.723;1036.235;3067.365;4857964331100
2010-05-03;3005.487;5891.723;1036.235;2836.789;4880045217100
2010-05-10;2916.335;5891.723;1036.235;2868.023;4900946242700
2010-05-17;2711.407;5891.723;1036.235;2768.791;4920619850700
2010-05-24;2851.256;5891.723;1036.235;2850.302;4940620559500
2010-05-31;2755.284;5891.723;1036.235;2744.391;4956297758700
2010-06-07;2694.106;5891.723;1036.235;2758.866;4974179222300
2010-06-14;2778.533;5891.723;1036.235;2696.166;4981621292300
2010-06-21;2772.886;5891.723;1036.235;2736.287;4995080179100
2010-06-28;2717.465;5891.723;1036.235;2534.105;5011303088100
2010-07-05;2504.869;5891.723;1036.235;2647.104;5028101656100
2010-07-12;2649.658;5891.723;1036.235;2616.128;5044643768900
2010-07-19;2685.459;5891.723;1036.235;2793.076;5071590649300
2010-07-26;2803.755;5891.723;1036.235;2868.846;5100423332900
2010-08-02;2925.254;5891.723;1036.235;2897.659;5129937221700
2010-08-09;2920.404;5891.723;1036.235;2855.547;5155118732900
2010-08-16;2927.258;5891.723;1036.235;2898.333;5184697600900
2010-08-23;2892.129;5891.723;1036.235;2858.566;5206114044900
2010-08-30;2905.154;5891.723;1036.235;2920.205;5234722400100
2010-09-06;2979.298;5891.723;1036.235;2932.554;5264009761700
2010-09-13;2971.547;5891.723;1036.235;2861.369;5290783631700
2010-09-20;2859.43;5891.723;1036.235;2857.476;5294358819700
2010-09-27;2900.536;5891.723;1036.235;2935.574;5312203150500
2010-10-04;2965.652;5891.723;1036.235;3044.233;5322202622500
2010-10-11;3121.636;5891.723;1036.235;3327.683;5386702168900
2010-10-18;3300.517;5891.723;1036.235;3378.655;5440423704900
2010-10-25;3491.474;5891.723;1036.235;3379.983;5486944403300
2010-11-01;3484.232;5891.723;1036.235;3520.798;5540520230500
2010-11-08;3547.44;5891.723;1036.235;3291.833;5594744551300
2010-11-15;3311.616;5891.723;1036.235;3178.846;5628805561300
2010-11-22;3156.478;5891.723;1036.235;3194.853;5658869720500
2010-11-29;3187.529;5891.723;1036.235;3158.156;5683484148500
2010-12-06;3152.733;5891.723;1036.235;3161.977;5707610186900
2010-12-13;3270.201;5891.723;1036.235;3225.661;5733419466500
2010-12-20;3184.7;5891.723;1036.235;3162.955;5760043695300
2010-12-27;3084.823;5891.723;1036.235;3128.261;5781880298500
2011-01-03;3155.557;5891.723;1036.235;3166.624;5812725655700
2011-01-10;3096.249;5891.723;1036.235;3091.862;5834802942100
2011-01-17;2965.424;5891.723;1036.235;2983.456;5858171554100
2011-01-24;2949.647;5891.723;1036.235;3036.735;5881967271700
2011-01-31;3083.493;5891.723;1036.235;3077.283;5886953524500
2011-02-07;3055.398;5891.723;1036.235;3120.956;5907250860500
2011-02-14;3223.222;5891.723;1036.235;3211.876;5943774070900
2011-02-21;3267.615;5891.723;1036.235;3197.617;5974503547700
2011-02-28;3241.714;5891.723;1036.235;3270.666;6009574698100
2011-03-07;3335.71;5891.723;1036.235;3247.376;6040407297300
2011-03-14;3250.595;5891.723;1036.235;3215.685;6072599374100
2011-03-21;3217.8;5891.723;1036.235;3294.484;6100352022900
2011-03-28;3288.564;5891.723;1036.235;3272.729;6131473532500
2011-04-04;3269.19;5891.723;1036.235;3353.358;6157916996500
2011-04-11;3324.754;5891.723;1036.235;3358.944;6193563191700
2011-04-18;3334.912;5891.723;1036.235;3299.942;6223349405300
2011-04-25;3242.529;5891.723;1036.235;3192.723;6247376733700
2011-05-02;3192.845;5891.723;1036.235;3121.396;6270340252100
2011-05-09;3135.146;5891.723;1036.235;3128.093;6288771950100
2011-05-16;3097.071;5891.723;1036.235;3121.596;6306014379700
2011-05-23;3013.715;5891.723;1036.235;2963.308;6322081709700
2011-05-30;2958.607;5891.723;1036.235;2986.349;6339061985700
2011-06-06;2977.681;5891.723;1036.235;2961.932;6356007946500
2011-06-13;2947.655;5891.723;1036.235;2892.157;6374276514100
2011-06-20;2883.354;5891.723;1036.235;3027.47;6395352322100
2011-06-27;3040.183;5891.723;1036.235;3049.745;6418203552500
2011-07-04;3122.899;5891.723;1036.235;3109.183;6443444762100
2011-07-11;3089.136;5891.723;1036.235;3128.889;6466753522900
2011-07-18;3108.472;5891.723;1036.235;3067.985;6484638421700
2011-07-25;2965.721;5891.723;1036.235;2972.079;6503272252100
2011-08-01;2958.85;5891.723;1036.235;2897.417;6519267181300
2011-08-08;2720.953;5891.723;1036.235;2875.365;6543736889300
2011-08-15;2920.829;5891.723;1036.235;2807.664;6561153828500
2011-08-22;2788.699;5891.723;1036.235;2901.216;6579728131500
2011-08-29;2875.144;5891.723;1036.235;2803.854;6593196290500
2011-09-05;2727.749;5891.723;1036.235;2751.095;6604885450700
2011-09-12;2712.443;5891.723;1036.235;2733.987;6616472090700
2011-09-19;2675.043;5891.723;1036.235;2669.478;6633620864300
2011-09-26;2634.925;5891.723;1036.235;2581.351;6647454458900
2011-10-10;2625.163;5891.723;1036.235;2653.782;6668428326500
2011-10-17;2646.841;5891.723;1036.235;2507.877;6682445884700
2011-10-24;2572.708;5891.723;1036.235;2709.017;6707598795900
2011-10-31;2672.508;5891.723;1036.235;2763.746;6734233517100
2011-11-07;2745.059;5891.723;1036.235;2695.002;6752490778300
2011-11-14;2746.773;5891.723;1036.235;2606.495;6770027925900
2011-11-21;2592.229;5891.723;1036.235;2569.973;6781211311500
2011-11-28;2595.086;5891.723;1036.235;2557.311;6798019559300
2011-12-05;2515.044;5891.723;1036.235;2503.461;6808156181700
2011-12-12;2467.016;5891.723;1036.235;2390.129;6821565263300
2011-12-19;2376.709;5891.723;1036.235;2359.159;6834911024500
2011-12-26;2332.826;5891.723;1036.235;2345.742;6847802252300
2012-01-02;2361.499;5891.723;1036.235;2290.601;6859058256300
2012-01-09;2365.768;5891.723;1036.235;2394.334;6882307849900
2012-01-16;2347.568;5891.723;1036.235;2504.086;6906132201900
2012-01-30;2462.338;5891.723;1036.235;2506.09;6921905511900
2012-02-06;2489.032;5891.723;1036.235;2533.624;6943579636700
2012-02-13;2528.967;5891.723;1036.235;2537.086;6962770698300
2012-02-20;2544.835;5891.723;1036.235;2648.017;6990835528700
2012-02-27;2652.342;5891.723;1036.235;2679.934;7015133850300
2012-03-05;2654.799;5891.723;1036.235;2664.302;7038354271500
2012-03-12;2653.681;5891.723;1036.235;2623.52;7068103094700
2012-03-19;2622.66;5891.723;1036.235;2552.94;7088540358700
2012-03-26;2565.551;5891.723;1036.235;2454.899;7105451237500
2012-04-02;2449.208;5891.723;1036.235;2519.83;7115121263900
2012-04-09;2490.283;5891.723;1036.235;2580.454;7134463990700
2012-04-16;2572.364;5891.723;1036.235;2626.839;7154903827100
2012-04-23;2594.801;5891.723;1036.235;2626.157;7178984513500
2012-04-30;2660.673;5891.723;1036.235;2715.879;7199257296700
2012-05-07;2717.408;5891.723;1036.235;2636.917;7220205281100
2012-05-14;2597.644;5891.723;1036.235;2573.976;7237825086700
2012-05-21;2598.167;5891.723;1036.235;2573.103;7254686099500
2012-05-28;2615.145;5891.723;1036.235;2632.998;7275915059500
2012-06-04;2565.186;5891.723;1036.235;2524.329;7290948581100
2012-06-11;2543.765;5891.723;1036.235;2568.054;7307547107100
2012-06-18;2577.362;5891.723;1036.235;2512.185;7317341899500
2012-06-25;2442.562;5891.723;1036.235;2461.612;7330369860700
2012-07-02;2464.85;5891.723;1036.235;2472.614;7346118085100
2012-07-09;2411.003;5891.723;1036.235;2450.633;7362779809500
2012-07-16;2391.897;5891.723;1036.235;2398.455;7378754301500
2012-07-23;2353.22;5891.723;1036.235;2349.108;7390515421300
2012-07-30;2336.882;5891.723;1036.235;2353.737;7402996072900
2012-08-06;2383.257;5891.723;1036.235;2399.751;7417641861700
2012-08-13;2352.659;5891.723;1036.235;2313.476;7429881747700
2012-08-20;2301.932;5891.723;1036.235;2275.677;7442862592300
2012-08-27;2226.898;5891.723;1036.235;2204.868;7455286648500
2012-09-03;2231.716;5891.723;1036.235;2317.179;7474869664100
2012-09-10;2316.532;5891.723;1036.235;2315.542;7494820154500
2012-09-17;2249.425;5891.723;1036.235;2199.063;7509644631700
2012-09-24;2209.975;5891.723;1036.235;2293.106;7526267068700
2012-10-08;2281.753;5891.723;1036.235;2304.531;7543608061500
2012-10-15;2293.244;5891.723;1036.235;2332.47;7558803253500
2012-10-22;2340.89;5891.723;1036.235;2247.907;7574804830300
2012-10-29;2236.316;5891.723;1036.235;2306.774;7590989623900
2012-11-05;2301.98;5891.723;1036.235;2240.924;7604817771500
2012-11-12;2250.842;5891.723;1036.235;2177.24;7616758714700
2012-11-19;2180.205;5891.723;1036.235;2192.676;7627362438900
2012-11-26;2168.589;5891.723;1036.235;2139.661;7640165801100
2012-12-03;2104.928;5891.723;1036.235;2246.757;7664511546300
2012-12-10;2263.209;5891.723;1036.235;2355.865;7689442528300
2012-12-17;2361.095;5891.723;1036.235;2372.002;7717787228300
2012-12-24;2373.88;5891.723;1036.235;2480.049;7748538784300
2012-12-31;2551.81;5891.723;1036.235;2524.41;7748636772482
2013-01-07;2534.65;5891.723;1036.235;2483.23;7748924165790
2013-01-14;2579.13;5891.723;1036.235;2595.44;7749264178221
2013-01-21;2610.39;5891.723;1036.235;2571.67;7749615448471
2013-01-28;2655.38;5891.723;1036.235;2743.32;7750016983306
2013-02-04;2727.93;5891.723;1036.235;2771.73;7750383301182
2013-02-18;2735.05;5891.723;1036.235;2596.6;7750694809826
2013-02-25;2587.38;5891.723;1036.235;2668.84;7750998305982
2013-03-04;2547.89;5891.723;1036.235;2606.93;7751337309009
2013-03-11;2590.39;5891.723;1036.235;2539.87;7751594652551
2013-03-18;2507.4;5891.723;1036.235;2618.31;7751865089546
2013-03-25;2601.96;5891.723;1036.235;2495.08;7752125939566
2013-04-01;2495.84;5891.723;1036.235;2483.55;7752227187939
2013-04-08;2477.29;5891.723;1036.235;2462.11;7752409989912
2013-04-15;2419.51;5891.723;1036.235;2533.83;7752628344272
2013-04-22;2532.2;5891.723;1036.235;2447.31;7752859730475
2013-04-29;2434.6;5891.723;1036.235;2492.91;7752969076654
2013-05-06;2519.36;5891.723;1036.235;2540.84;7753192178464
2013-05-13;2526.0;5891.723;1036.235;2592.05;7753443895171
2013-05-20;2607.39;5891.723;1036.235;2597.23;7753735158021
2013-05-27;2600.63;5891.723;1036.235;2606.43;7754031306743
2013-06-03;2600.5;5891.723;1036.235;2484.16;7754256787109
2013-06-10;2448.72;5891.723;1036.235;2416.77;7754382481709
2013-06-17;2413.09;5891.723;1036.235;2317.39;7754599365166
2013-06-24;2146.05;5891.723;1036.235;2200.64;7754941034554
2013-07-01;2211.8;5891.723;1036.235;2226.85;7755203112346
2013-07-08;2160.7;5891.723;1036.235;2275.37;7755521282834
2013-07-15;2300.83;5891.723;1036.235;2190.48;7755782241813
2013-07-22;2211.59;5891.723;1036.235;2224.01;7756041359265
2013-07-29;2184.01;5891.723;1036.235;2247.26;7756268374833
2013-08-05;2270.67;5891.723;1036.235;2286.01;7756532868870
2013-08-12;2352.88;5891.723;1036.235;2304.14;7756869526050
2013-08-19;2325.86;5891.723;1036.235;2286.93;7757121925016
2013-08-26;2332.8;5891.723;1036.235;2313.91;7757430911453
2013-09-02;2326.23;5891.723;1036.235;2357.78;7757726482720
2013-09-09;2446.45;5891.723;1036.235;2488.9;7758304201910
2013-09-16;2480.81;5891.723;1036.235;2432.51;7758474702651
2013-09-23;2470.72;5891.723;1036.235;2394.97;7758815282360
2013-10-07;2406.42;5891.723;1036.235;2468.51;7759160063478
2013-10-14;2475.32;5891.723;1036.235;2426.05;7759469730912
2013-10-21;2470.26;5891.723;1036.235;2368.56;7759793610299
2013-10-28;2369.22;5891.723;1036.235;2384.96;7760138318984
2013-11-04;2366.88;5891.723;1036.235;2307.95;7760372790390
2013-11-11;2319.36;5891.723;1036.235;2350.73;7760629028893
2013-11-18;2427.93;5891.723;1036.235;2397.96;7760942676342
2013-11-25;2387.83;5891.723;1036.235;2438.94;7761229620446
2013-12-02;2410.69;5891.723;1036.235;2452.29;7761550549454
2013-12-09;2456.23;5891.723;1036.235;2406.64;7761787214937
2013-12-16;2369.26;5891.723;1036.235;2278.14;7761989013922
2013-12-23;2291.13;5891.723;1036.235;2303.48;7762183505136
2013-12-30;2289.01;5891.723;1036.235;2290.78;7762345113142
2014-01-06;2222.31;5891.723;1036.235;2204.85;7762550371433
2014-01-13;2192.84;5891.723;1036.235;2178.49;7762755955832
2014-01-20;2168.42;5891.723;1036.235;2245.68;7762984417075
2014-01-27;2220.79;5891.723;1036.235;2202.45;7763131541226
2014-02-03;2187.34;5891.723;1036.235;2212.48;7763182000541
2014-02-10;2267.74;5891.723;1036.235;2295.58;7763521123317
2014-02-17;2310.31;5891.723;1036.235;2264.29;7763890334147
2014-02-24;2216.52;5891.723;1036.235;2178.97;7764228337348
2014-03-03;2183.86;5891.723;1036.235;2168.36;7764496097557
2014-03-10;2092.61;5891.723;1036.235;2122.84;7764751632312
2014-03-17;2146.12;5891.723;1036.235;2158.8;7765037946441
2014-03-24;2170.78;5891.723;1036.235;2151.97;7765324461332
2014-03-31;2143.72;5891.723;1036.235;2185.47;7765557848912
2014-04-07;2179.92;5891.723;1036.235;2270.67;7765926586599
2014-04-14;2261.41;5891.723;1036.235;2224.48;7766145574362
2014-04-21;2184.02;5891.723;1036.235;2167.83;7766355736881
2014-04-28;2134.41;5891.723;1036.235;2158.66;7766449276436
2014-05-05;2151.39;5891.723;1036.235;2133.91;7766639484012
2014-05-12;2180.06;5891.723;1036.235;2145.95;7766841897965
2014-05-19;2124.71;5891.723;1036.235;2148.41;7767002019531
2014-05-26;2154.4;5891.723;1036.235;2156.46;7767176788381
2014-06-02;2157.64;5891.723;1036.235;2134.72;7767332804066
2014-06-09;2138.67;5891.723;1036.235;2176.24;7767528154405
2014-06-16;2185.68;5891.723;1036.235;2136.73;7767723108331
2014-06-23;2131.69;5891.723;1036.235;2150.26;7767898012849
2014-06-30;2169.2;5891.723;1036.235;2178.7;7768127563246
2014-07-07;2174.83;5891.723;1036.235;2148.01;7768357435662
2014-07-14;2170.09;5891.723;1036.235;2164.14;7768635738449
2014-07-21;2162.44;5891.723;1036.235;2260.45;7769016903276
2014-07-28;2326.04;5891.723;1036.235;2329.4;7769511500908
2014-08-04;2376.8;5891.723;1036.235;2331.13;7769943173430
2014-08-11;2361.17;5891.723;1036.235;2360.64;7770337005866
2014-08-18;2378.89;5891.723;1036.235;2365.36;7770744658123
2014-08-25;2339.6;5891.723;1036.235;2338.29;7771039880644
2014-09-01;2359.86;5891.723;1036.235;2449.26;7771528875643
2014-09-08;2452.23;5891.723;1036.235;2438.36;7771998388257
2014-09-15;2440.34;5891.723;1036.235;2425.21;7772528140029
2014-09-22;2379.52;5891.723;1036.235;2437.2;7772993848285
2014-09-29;2452.17;5891.723;1036.235;2450.99;7773109652514
2014-10-06;2460.87;5891.723;1036.235;2466.79;7773517164345
2014-10-13;2451.09;5891.723;1036.235;2441.73;7774071286523
2014-10-20;2453.41;5891.723;1036.235;2390.71;7774434651336
2014-10-27;2373.16;5891.723;1036.235;2508.33;7775123557218
2014-11-03;2511.04;5891.723;1036.235;2502.15;7775890708113
2014-11-10;2578.44;5891.723;1036.235;2581.09;7776783971610
2014-11-17;2565.27;5891.723;1036.235;2583.46;7777306237943
2014-11-24;2650.09;5891.723;1036.235;2808.82;7778413600519
2014-12-01;2807.34;5891.723;1036.235;3124.89;7780192916714
2014-12-08;3233.1;5891.723;1036.235;3193.23;7781918967005
2014-12-15;3221.36;5891.723;1036.235;3383.17;7783492413419
2014-12-22;3358.8;5891.723;1036.235;3445.84;7784874012770
2014-12-29;3450.81;5891.723;1036.235;3533.71;7785548181403
2015-01-05;3608.428;5891.723;1036.235;3546.723;7786934320507
2015-01-12;3506.451;5891.723;1036.235;3635.146;7787837980923
2015-01-19;3336.793;5891.723;1036.235;3571.732;7789022778139
2015-01-26;3614.038;5891.723;1036.235;3434.39;7789934765547
2015-02-02;3388.602;5891.723;1036.235;3312.42;7790762010795
2015-02-09;3345.077;5891.723;1036.235;3469.828;7791423105323
2015-02-16;3511.544;5891.723;1036.235;3522.322;7791588433643
2015-02-23;3522.322;5891.723;1036.235;3572.843;7792206087851
2015-03-02;3579.315;5891.723;1036.235;3478.52;7793066645179
2015-03-09;3523.64;5891.723;1036.235;3617.657;7793962390059
2015-03-16;3733.961;5891.723;1036.235;3892.574;7795542570891
2015-03-23;3980.066;5891.723;1036.235;3971.697;7797036633451
2015-03-30;4138.885;5891.723;1036.235;4170.538;7798462586219
2015-04-06;4213.894;5891.723;1036.235;4344.416;7800124515659
2015-04-13;4432.126;5891.723;1036.235;4596.136;7802006508363
2015-04-20;4520.461;5891.723;1036.235;4702.641;7803990621003
2015-04-27;4811.319;5891.723;1036.235;4749.886;7805394043979
2015-05-04;4785.192;5891.723;1036.235;4558.404;7806830704459
2015-05-11;4692.122;5891.723;1036.235;4617.47;7808244645099
2015-05-18;4577.637;5891.723;1036.235;4951.335;7809683513035
2015-05-25;5140.798;5891.723;1036.235;4840.829;7811641969003
2015-06-01;5091.272;5891.723;1036.235;5230.552;7813497928939
2015-06-08;5379.47;5891.723;1036.235;5335.115;7815332992011
2015-06-15;5165.025;5891.723;1036.235;4637.052;7816864292395
2015-06-22;4641.425;5891.723;1036.235;4336.195;7818556794795
2015-06-29;4161.067;5891.723;1036.235;3885.917;7820401924555
2015-07-06;3877.854;5891.723;1036.235;4106.556;7822667349067
2015-07-13;4178.63;5891.723;1036.235;4151.496;7824205365931
2015-07-20;4109.761;5891.723;1036.235;4176.279;7825589203979
2015-07-27;3690.974;5891.723;1036.235;3816.699;7826743629483
2015-08-03;3827.373;5891.723;1036.235;3906.945;7827494978155
2015-08-10;4083.589;5891.723;1036.235;4073.54;7828568388491
2015-08-17;4084.311;5891.723;1036.235;3589.536;7829587473739
2015-08-24;3070.007;5891.723;1036.235;3342.286;7830738619035
2015-08-31;3296.529;5891.723;1036.235;3365.832;7831438866971
2015-09-07;3221.789;5891.723;1036.235;3347.188;7832067364507
2015-09-14;3208.744;5891.723;1036.235;3251.273;7832646935523
2015-09-21;3312.366;5891.723;1036.235;3231.951;7833139759467
2015-09-28;3197.221;5891.723;1036.235;3202.948;7833305469451
2015-10-05;3202.948;5891.723;1036.235;3340.116;7833561903715
2015-10-12;3422.477;5891.723;1036.235;3534.065;7834239634451
2015-10-19;3527.875;5891.723;1036.235;3571.241;7835083335683
2015-10-26;3569.449;5891.723;1036.235;3534.079;7835712521299
2015-11-02;3484.72;5891.723;1036.235;3793.37;7836716146684
2015-11-09;3796.38;5891.723;1036.235;3746.24;7838012732944
2015-11-16;3682.74;5891.723;1036.235;3774.38;7838950230089
2015-11-23;3774.44;5891.723;1036.235;3556.99;7839803649951
2015-11-30;3554.89;5891.723;1036.235;3677.59;7840675888181
2015-12-07;3681.58;5891.723;1036.235;3608.06;7841259415942
2015-12-14;3573.88;5891.723;1036.235;3767.91;7842000399549
2015-12-21;3762.1;5891.723;1036.235;3838.2;7842871961042
2015-12-28;3847.53;5891.723;1036.235;3731.0;7843437212104
2016-01-04;3725.86;5891.723;1036.235;3361.56;7844090727998
2016-01-11;3303.12;5891.723;1036.235;3118.73;7844773398125
2016-01-18;3068.23;5891.723;1036.235;3113.46;7845333971728
2016-01-25;3129.03;5891.723;1036.235;2946.09;7845887202091
2016-02-01;2939.04;5891.723;1036.235;2963.79;7846308618928
2016-02-08;2982.06;5891.723;1036.235;2963.79;7846692872968
2016-02-15;2888.43;5891.723;1036.235;3051.58;7847218403128
2016-02-22;3083.93;5891.723;1036.235;2948.03;7847848479618
2016-02-29;2939.58;5891.723;1036.235;3093.89;7848662117181
2016-03-07;3109.0;5891.723;1036.235;3018.28;7849191686966
2016-03-14;3039.57;5891.723;1036.235;3171.96;7849850808351
2016-03-21;3203.29;5891.723;1036.235;3181.85;7850503909120
