沪深300;2016-01-18;3068.23;3165.62;3066.73;3130.73;3130.73;1522904008;0.0;0.0;0.0
沪深300;2016-01-19;3132.7;3227.91;3119.22;3223.12;3223.12;-119512588;0.0;0.0;0.0
沪深300;2016-01-20;3204.22;3225.95;3154.43;3174.38;3174.38;180148512;0.0;0.0;0.0
沪深300;2016-01-21;3136.38;3202.54;3081.35;3081.35;3081.35;-1765928588;0.0;0.0;0.0
沪深300;2016-01-22;3114.9;3132.17;3053.96;3113.46;3113.46;405174108;0.0;0.0;0.0
沪深300;2016-01-25;3129.03;3149.33;3105.1;3128.89;3128.89;-435928492;0.0;0.0;0.0
沪深300;2016-01-26;3099.6;3106.53;2934.65;2940.51;2940.51;-191509788;0.0;0.0;0.0
沪深300;2016-01-27;2953.18;2963.54;2839.29;2930.35;2930.35;338034712;0.0;0.0;0.0
沪深300;2016-01-28;2909.33;2941.89;2841.84;2853.76;2853.76;1332341008;0.0;0.0;0.0
沪深300;2016-01-29;2855.6;2965.31;2854.37;2946.09;2946.09;-1554475988;0.0;0.0;0.0
沪深300;2016-02-01;2939.04;2944.52;2869.56;2901.05;2901.05;89599608;0.0;0.0;0.0
沪深300;2016-02-02;2901.53;2972.43;2901.51;2961.33;2961.33;270261708;0.0;0.0;0.0
沪深300;2016-02-03;2931.29;2954.71;2909.9;2948.64;2948.64;-851034592;0.0;0.0;0.0
沪深300;2016-02-04;2960.33;2999.21;2960.21;2984.76;2984.76;588037808;0.0;0.0;0.0
沪深300;2016-02-05;2982.06;2988.36;2962.85;2963.79;2963.79;-904853792;0.0;0.0;0.0
沪深300;2016-02-08;2982.06;2988.36;2962.85;2963.79;2963.79;-904853792;0.0;0.0;0.0
沪深300;2016-02-09;2982.06;2988.36;2962.85;2963.79;2963.79;-904853792;0.0;0.0;0.0
沪深300;2016-02-10;2982.06;2988.36;2962.85;2963.79;2963.79;-904853792;0.0;0.0;0.0
沪深300;2016-02-11;2982.06;2988.36;2962.85;2963.79;2963.79;-904853792;0.0;0.0;0.0
沪深300;2016-02-12;2982.06;2988.36;2962.85;2963.79;2963.79;-904853792;0.0;0.0;0.0
沪深300;2016-02-15;2888.43;2961.49;2886.02;2946.71;2946.71;-1297991192;0.0;0.0;0.0
沪深300;2016-02-16;2962.19;3042.09;2962.19;3037.04;3037.04;-1626937588;0.0;0.0;0.0
沪深300;2016-02-17;3034.09;3065.78;3027.05;3063.32;3063.32;-55741188;0.0;0.0;0.0
沪深300;2016-02-18;3079.53;3093.51;3049.84;3053.7;3053.7;-444755488;0.0;0.0;0.0
沪深300;2016-02-19;3047.94;3065.97;3032.63;3051.58;3051.58;143866608;0.0;0.0;0.0
沪深300;2016-02-22;3083.93;3128.21;3071.33;3118.87;3118.87;1209794912;0.0;0.0;0.0
沪深300;2016-02-23;3117.2;3119.22;3061.43;3089.36;3089.36;-1628162788;0.0;0.0;0.0
沪深300;2016-02-24;3077.61;3109.55;3055.25;3109.55;3109.55;-1706636888;0.0;0.0;0.0
沪深300;2016-02-25;3104.41;3104.44;2905.46;2918.75;2918.75;-1396893984;0.0;0.0;0.0
沪深300;2016-02-26;2942.1;2964.39;2902.95;2948.03;2948.03;2105038308;0.0;0.0;0.0
沪深300;2016-02-29;2939.58;2939.87;2821.21;2877.47;2877.47;49200112;0.0;0.0;0.0
沪深300;2016-03-01;2881.34;2950.44;2863.32;2930.69;2930.69;-1280310088;0.0;0.0;0.0
沪深300;2016-03-02;2933.92;3054.72;2933.12;3051.33;3051.33;417365516;0.0;0.0;0.0
沪深300;2016-03-03;3050.39;3078.44;3040.25;3058.42;3058.42;130705216;0.0;0.0;0.0
沪深300;2016-03-04;3047.54;3101.66;3032.42;3093.89;3093.89;442416920;0.0;0.0;0.0
沪深300;2016-03-07;3109.0;3130.9;3083.58;3104.84;3104.84;361301812;0.0;0.0;0.0
沪深300;2016-03-08;3100.15;3109.25;3001.83;3107.67;3107.67;738672312;0.0;0.0;0.0
沪深300;2016-03-09;3045.92;3072.92;3020.13;3071.91;3071.91;-1738277388;0.0;0.0;0.0
沪深300;2016-03-10;3056.21;3074.16;3012.69;3013.15;3013.15;-982714892;0.0;0.0;0.0
沪深300;2016-03-11;2990.21;3026.44;2982.17;3018.28;3018.28;-1256578192;0.0;0.0;0.0
沪深300;2016-03-14;3039.57;3106.8;3034.0;3065.69;3065.69;-1174036388;0.0;0.0;0.0
沪深300;2016-03-15;3061.34;3077.08;3028.58;3074.78;3074.78;1241259508;0.0;0.0;0.0
沪深300;2016-03-16;3068.87;3100.35;3064.52;3090.03;3090.03;-411257088;0.0;0.0;0.0
沪深300;2016-03-17;3096.81;3147.84;3077.57;3124.2;3124.2;-718724188;0.0;0.0;0.0
沪深300;2016-03-18;3136.22;3197.67;3130.1;3171.96;3171.96;-1744580080;0.0;0.0;0.0
沪深300;2016-03-21;3203.29;3267.78;3198.36;3249.44;3249.44;1852109920;0.0;0.0;0.0
沪深300;2016-03-22;3231.61;3249.68;3218.73;3225.79;3225.79;-1077779484;0.0;0.0;0.0
沪深300;2016-03-23;3217.73;3242.25;3202.98;3236.09;3236.09;-316973288;0.0;0.0;0.0
沪深300;2016-03-24;3211.5;3221.91;3181.81;3181.85;3181.85;428210312;0.0;0.0;0.0
沪深300;2016-03-25;3176.81;3204.44;3174.32;3197.82;3197.82;1149598408;0.0;0.0;0.0
沪深300;2016-03-28;3206.95;3229.62;3161.88;3169.73;3169.73;1754258708;0.0;0.0;0.0
沪深300;2016-03-29;3171.31;3178.07;3122.76;3135.41;3135.41;1139540108;0.0;0.0;0.0
沪深300;2016-03-30;3161.29;3216.68;3161.29;3216.28;3216.28;-1104650688;0.0;0.0;0.0
沪深300;2016-03-31;3229.2;3241.93;3208.66;3218.09;3218.09;-729694488;0.0;0.0;0.0
沪深300;2016-04-01;3213.67;3222.61;3165.86;3221.89;3221.89;-1072687988;0.0;0.0;0.0
沪深300;2016-04-04;3213.67;3222.61;3165.86;3221.89;3221.89;-1072687988;0.0;0.0;0.0
沪深300;2016-04-05;3211.3;3271.93;3205.21;3264.49;3264.49;1719875312;0.0;0.0;0.0
沪深300;2016-04-06;3250.52;3267.64;3236.2;3257.53;3257.53;-865271388;0.0;0.0;0.0
沪深300;2016-04-07;3266.29;3270.82;3208.64;3209.29;3209.29;-1643955188;0.0;0.0;0.0
沪深300;2016-04-08;3189.85;3197.77;3163.3;3185.73;3185.73;1510627908;0.0;0.0;0.0
沪深300;2016-04-11;3213.51;3251.57;3213.51;3230.1;3230.1;-363630988;0.0;0.0;0.0
沪深300;2016-04-12;3227.37;3232.26;3198.9;3218.45;3218.45;697009108;0.0;0.0;0.0
沪深300;2016-04-13;3237.86;3296.52;3237.86;3261.38;3261.38;-1913449880;0.0;0.0;0.0
沪深300;2016-04-14;3277.1;3286.07;3252.05;3275.83;3275.83;-1569169188;0.0;0.0;0.0
沪深300;2016-04-15;3279.86;3282.98;3261.73;3272.21;3272.21;1390818308;0.0;0.0;0.0
