云海金属;2016-01-18;12.3;13.18;12.1;13.03;13.03;14668200;6.65;148.34;4.13
云海金属;2016-01-19;12.79;13.56;12.67;13.49;13.49;14919100;6.76;153.58;4.28
云海金属;2016-01-20;13.46;13.46;13.0;13.15;13.15;14289800;6.48;149.71;4.17
云海金属;2016-01-21;12.55;13.45;12.47;12.47;12.47;11786000;5.34;141.97;3.95
云海金属;2016-01-22;12.66;12.9;12.21;12.66;12.66;6673000;3.02;144.13;4.01
云海金属;2016-01-25;12.8;13.17;12.71;13.07;13.07;8146900;3.69;148.8;4.14
云海金属;2016-01-26;13.0;13.0;11.76;11.76;11.76;10063900;4.56;133.88;3.73
云海金属;2016-01-27;11.76;12.0;10.61;11.44;11.44;8769900;3.97;130.24;3.63
云海金属;2016-01-28;11.09;11.38;10.3;10.3;10.3;9566200;4.34;117.26;3.26
云海金属;2016-01-29;10.19;10.98;10.09;10.65;10.65;8017800;3.63;121.25;3.38
云海金属;2016-02-01;10.6;10.65;9.95;10.21;10.21;5746400;2.6;116.24;3.24
云海金属;2016-02-02;10.25;11.22;10.21;10.95;10.95;8789400;3.98;124.66;3.47
云海金属;2016-02-03;10.8;11.16;10.55;11.09;11.09;6497700;2.94;126.26;3.51
云海金属;2016-02-04;11.32;11.79;11.3;11.57;11.57;9015600;4.09;131.72;3.67
云海金属;2016-02-05;11.63;11.75;11.34;11.41;11.41;6434400;2.92;129.9;3.62
云海金属;2016-02-08;11.63;11.75;11.34;11.41;11.41;6434400;2.92;129.9;3.62
云海金属;2016-02-09;11.63;11.75;11.34;11.41;11.41;6434400;2.92;129.9;3.62
云海金属;2016-02-10;11.63;11.75;11.34;11.41;11.41;6434400;2.92;129.9;3.62
云海金属;2016-02-11;11.63;11.75;11.34;11.41;11.41;6434400;2.92;129.9;3.62
云海金属;2016-02-12;11.63;11.75;11.34;11.41;11.41;6434400;2.92;129.9;3.62
云海金属;2016-02-15;11.02;12.55;11.02;12.55;12.55;11929400;5.41;142.88;3.98
云海金属;2016-02-16;12.2;12.87;12.2;12.81;12.81;15127900;6.86;145.84;4.06
云海金属;2016-02-17;12.66;12.85;12.33;12.75;12.75;11540700;5.23;145.15;4.04
云海金属;2016-02-18;12.75;12.98;12.52;12.55;12.55;10114400;4.58;142.88;3.98
云海金属;2016-02-19;12.47;12.7;12.46;12.64;12.64;7395600;3.35;143.9;4.01
云海金属;2016-02-22;12.83;13.2;12.75;12.86;12.86;10231800;4.64;146.41;4.08
云海金属;2016-02-23;12.8;13.1;12.72;13.08;13.08;10454100;4.74;148.91;4.15
云海金属;2016-02-24;12.95;13.18;12.62;13.04;13.04;9381900;4.25;148.45;4.13
云海金属;2016-02-25;13.05;13.05;11.74;11.74;11.74;12082200;5.48;133.65;3.72
云海金属;2016-02-26;11.75;12.05;11.51;11.86;11.86;8604800;3.9;135.02;3.76
云海金属;2016-02-29;11.76;11.76;10.68;10.88;10.88;7580700;3.44;123.86;3.45
云海金属;2016-03-01;11.03;11.35;10.85;11.29;11.29;6481700;2.94;128.53;3.58
云海金属;2016-03-02;11.34;12.2;11.26;12.1;12.1;10386700;4.71;137.75;3.84
云海金属;2016-03-03;12.18;13.31;12.15;13.31;13.31;10176100;4.61;151.53;4.22
云海金属;2016-03-04;13.3;13.7;12.55;12.67;12.67;26096300;11.83;144.24;4.02
云海金属;2016-03-07;13.28;13.56;13.04;13.38;13.38;18027400;8.17;152.33;4.24
云海金属;2016-03-08;14.3;14.54;13.72;13.92;13.92;33375800;15.13;158.47;4.41
云海金属;2016-03-09;12.95;13.35;12.7;12.89;12.89;17219000;7.8;146.75;4.09
云海金属;2016-03-10;12.99;13.2;12.3;12.7;12.7;10135600;4.59;144.58;4.03
云海金属;2016-03-11;12.38;12.86;12.38;12.72;12.72;7484400;3.39;144.81;4.03
云海金属;2016-03-14;12.98;13.44;12.81;13.22;13.22;11668100;5.29;150.5;4.19
云海金属;2016-03-15;13.08;13.39;12.8;12.94;12.94;8614500;3.9;147.32;4.1
云海金属;2016-03-16;12.87;13.07;12.5;12.75;12.75;7665700;3.47;145.15;4.04
云海金属;2016-03-17;13.05;13.29;12.93;13.22;13.22;11460100;5.19;150.5;4.19
云海金属;2016-03-18;13.39;13.9;13.24;13.76;13.76;16481300;7.47;156.65;4.36
云海金属;2016-03-21;13.95;14.13;13.5;14.12;14.12;18867200;8.55;160.75;4.48
云海金属;2016-03-22;13.89;14.38;13.6;13.87;13.87;15227100;6.9;157.9;4.4
云海金属;2016-03-23;13.75;14.29;13.71;14.15;14.15;14495800;6.57;161.09;4.48
云海金属;2016-03-24;14.8;15.45;14.08;14.12;14.12;29010000;13.15;160.75;4.48
云海金属;2016-03-25;13.7;13.99;13.65;13.92;13.92;13559000;6.15;158.47;4.41
云海金属;2016-03-28;13.96;14.51;13.88;13.93;13.93;11198600;5.08;158.59;4.42
云海金属;2016-03-29;14.0;14.15;13.55;13.86;13.86;8793000;3.99;157.79;4.39
云海金属;2016-03-30;14.09;14.33;13.92;14.31;14.31;13200700;5.98;162.91;4.54
云海金属;2016-03-31;14.36;14.45;14.04;14.16;14.16;10171500;4.62;180.91;4.49
云海金属;2016-04-01;14.0;14.1;13.68;13.92;13.92;8314100;3.78;177.85;4.41
云海金属;2016-04-04;14.0;14.1;13.68;13.92;13.92;8314100;3.78;177.85;4.41
云海金属;2016-04-05;13.96;14.36;13.85;14.28;14.28;10103200;4.59;182.45;4.53
云海金属;2016-04-06;14.25;14.7;14.2;14.45;14.45;12868300;5.85;184.62;4.58
云海金属;2016-04-07;14.46;15.26;14.28;14.6;14.6;18002100;8.18;186.54;4.63
云海金属;2016-04-08;14.62;15.24;14.36;14.99;14.99;24626700;11.19;191.52;4.75
云海金属;2016-04-11;15.28;15.49;14.87;15.13;15.13;21384900;9.71;193.31;4.8
云海金属;2016-04-12;14.99;15.07;14.47;14.73;14.73;12887700;5.85;188.2;4.67
云海金属;2016-04-13;14.9;15.5;14.9;15.14;15.14;23274200;10.57;193.44;4.8
云海金属;2016-04-14;15.19;15.26;14.86;15.05;15.05;10911000;4.96;192.29;4.77
云海金属;2016-04-15;15.0;15.15;14.8;15.04;15.04;9000900;4.09;192.16;4.77
